==========================================================================================
  BBG Scale Audit — paper_default()
==========================================================================================
  notional_per_trade = 500000 EUR
  V_bar = 1e+07

    K     T       O0      V_i    lam_i          z_i        z_i*V_i   admiss
---------------------------------------------------------------------------
    8   1.0    2.040    1.177     3150       245055         288366      YES
    8   1.5    2.089    2.081     3150       239326         498071      YES
    8   2.0    2.143    2.886     3150       233367         673428      YES
    8   3.0    2.250    4.238     3150       222200         941699      YES
    9   1.0    1.202    2.949     4447       415914        1226532      YES
    9   1.5    1.306    3.916     4447       382804        1498991      YES
    9   2.0    1.399    4.705     4447       357402        1681488      YES
    9   3.0    1.561    5.987     4447       320306        1917701      YES
   10   1.0    0.598    3.978     7560       836326        3327088      YES
   10   1.5    0.732    4.865     7560       683177        3323969      YES
   10   2.0    0.845    5.610     7560       591926        3320852      YES
   10   3.0    1.034    6.852     7560       483758        3314625      YES
   11   1.0    0.250    3.410     4447      1999804        6818715      YES
   11   1.5    0.369    4.460     4447      1354099        6039816      YES
   11   2.0    0.475    5.319     4447      1053589        5604215      YES
   11   3.0    0.657    6.719     4447       761037        5113112      YES
   12   1.0    0.089    2.082     3150      5609935       11679577   **NO**
   12   1.5    0.170    3.257     3150      2947322        9599937      YES
   12   2.0    0.250    4.248     3150      1996984        8482863      YES
   12   3.0    0.404    5.868     3150      1239143        7270793      YES

  Summary:
    N options:         20
    price range:       [0.089, 2.250]
    vega range:        [1.177, 6.852]
    lambda range:      [3150, 7560]
    z_i range:         [222200, 5609935]
    z_i*V_i range:     [288366, 11679577]
    V_bar:             10000000
    count z_i*V_i > V_bar: 1 of 20
    max z_i*V_i / V_bar:   1.168